1.00137 0.12552
1.50583 0.14988
2.01441 0.11539
2.35277 0.15018
2.69273 0.16018
3.0275 0.10691
3.28181 0.15318
3.53741 0.16494
3.7892 0.14919
4.04411 0.11367
4.25049 0.11622
4.45535 0.10998
4.65567 0.14396
4.85817 0.1175
5.05846 0.14724
5.22622 0.11302
5.39457 0.13902
5.56479 0.15101
5.73553 0.1285
5.90846 0.15165
6.08374 0.16934
6.23274 0.15698
6.38091 0.1055
6.52559 0.16914
6.67357 0.11887
6.81686 0.15681
6.96681 0.14199
7.11119 0.1237
7.23994 0.15569
7.36952 0.11702
7.5002 0.15194
7.63191 0.11536
7.7634 0.11426
7.88971 0.0995
8.02196 0.12056
8.15246 0.11001
8.26675 0.15801
8.38301 0.12359
8.49838 0.12366
8.61238 0.11871
8.72387 0.11629
8.83721 0.12042
8.95461 0.13389
9.0728 0.13429
9.18595 0.11052
9.28819 0.1339
9.39348 0.10843
9.49898 0.13159
9.60277 0.16124
9.70982 0.12253
9.81349 0.1584
9.91809 0.12832
10.02341 0.13208
10.12974 0.11956
10.23353 0.13461
10.32672 0.1608
10.41971 0.14034
10.51643 0.1657
10.61338 0.12398
10.70685 0.16979
10.80471 0.11774
10.89662 0.12665
10.99486 0.16188
11.09084 0.14094
11.18282 0.1383
11.28103 0.1648
11.36962 0.11453
11.45778 0.14182
11.54357 0.12215
11.63287 0.1422
11.71968 0.16022
11.80687 0.13986
11.89285 0.16796
11.98356 0.14224
12.06738 0.13105
12.15598 0.11695
12.24535 0.14518
12.33316 0.12183
12.41251 0.15631
12.49246 0.11182
12.57364 0.13879
12.65118 0.17271
12.72881 0.10875
12.8082 0.14034
12.88614 0.10009
12.96801 0.13398
13.04981 0.16781
13.13289 0.11645
13.21163 0.14202
13.29391 0.12177
13.37466 0.11785
13.45135 0.10665
13.52904 0.10241
13.6057 0.14556
13.67987 0.13937
13.75156 0.12215
13.82319 0.12784
13.89565 0.14761
13.9695 0.10776
14.04347 0.10959
14.11595 0.14028
14.1879 0.13429
14.26022 0.14707
14.3386 0.14051
14.41693 0.10756
14.48442 0.12573
14.55288 0.14838
14.62501 0.16576
14.69419 0.10535
14.76171 0.12618
14.8326 0.19135
14.89955 0.16007
14.96646 0.19882
15.03392 0.16749
15.17409 0.1211
15.10528 0.24732
15.30938 0.14841
15.24119 0.27497
15.44979 0.13621
15.38261 0.35345
15.57992 0.16488
15.51686 0.23922
15.71182 0.19521
15.64881 0.32982
15.77585 0.23066
15.83863 0.26628
15.90148 0.25252
15.96851 0.26782
16.03294 0.22396
16.09949 0.21345
16.23298 0.22158
16.16673 0.32541
16.29963 0.23221
16.36566 0.23871
16.42968 0.18344
16.49341 0.24766
16.55481 0.20971
16.61542 0.29741
16.67651 0.24777
16.73994 0.26208
16.80103 0.25539
16.86235 0.2206
16.92685 0.23783
16.99094 0.23837
17.05378 0.18273
17.11771 0.26239
17.1807 0.25744
17.24099 0.2118
17.30103 0.20215
17.36312 0.19717
17.4256 0.17343
17.48585 0.14702
17.60744 0.19105
17.54667 0.27856
17.72573 0.18389
17.66685 0.29102
17.84318 0.23556
17.78544 0.3554
17.90178 0.31267
17.95881 0.31512
18.07243 0.27883
18.01462 0.382
18.19226 0.33184
18.1336 0.54068
18.30863 0.41922
18.36728 0.41309
18.2491 0.63283
18.48762 0.42039
18.42747 0.54501
18.54381 0.51136
18.6005 0.6753
18.70865 0.61192
18.65528 0.69278
18.81922 0.66763
18.93053 0.62594
18.76512 0.79207
19.15617 0.515
18.87462 0.982
18.98648 0.90387
19.27243 0.6757
19.10038 0.9625
19.04276 1.03191
19.32972 0.83409
19.21324 0.99042
19.38522 0.91548
19.6136 0.79986
19.55344 0.86022
19.83402 0.63323
19.72584 0.90928
19.44107 1.23831
19.49652 1.18304
19.67358 1.01054
19.78105 1.08793
19.94139 0.95445
19.88761 1.08017
19.99511 1.1394
20.2607 0.94586
20.10075 1.15862
20.15388 1.13609
20.20757 1.24661
20.04604 1.52475
20.41745 1.21638
20.31158 1.33856
20.36288 1.28815
20.79151 0.88197
20.52649 1.21208
20.58004 1.19221
20.47153 1.36457
20.68641 1.29959
20.63489 1.49486
20.74021 1.46963
20.89559 1.47994
20.94439 1.47474
20.99585 1.42913
21.09872 1.43095
20.84387 1.73009
21.35089 1.25657
21.24764 1.598
21.1997 1.66432
21.40167 1.55937
21.29977 1.73586
21.04762 2.04529
21.45309 1.86049
21.60828 1.84423
21.65904 1.80297
21.70901 1.76525
22.00212 1.53454
21.76087 1.94733
21.55789 2.22374
21.908 2.01412
21.50439 2.51434
21.14987 2.91905
22.0528 2.19937
22.1515 2.1903
21.81034 2.61282
22.10103 2.35103
22.24806 2.2438
21.8583 2.73886
21.95443 2.76248
22.29945 2.48495
22.74806 2.12632
22.89574 2.09366
22.44992 2.55113
22.39807 2.65701
22.49988 2.67142
22.19753 2.99108
22.79807 2.47555
23.18068 2.17334
23.32521 2.08985
23.56105 2.08864
22.6467 3.0198
22.34808 3.41185
22.98999 2.87952
23.22783 2.71915
23.36945 2.6278
22.69804 3.33227
23.74593 2.42025
23.03571 3.21416
23.08451 3.18844
23.41771 2.91527
22.54812 3.94918
22.84585 3.66156
22.60018 4.08942
24.39356 2.46329
23.83856 3.06092
22.94391 3.95822
23.97846 2.92437
23.13184 3.82305
24.07008 2.95219
24.43968 2.72862
23.27518 3.93259
24.5766 2.6479
23.60729 3.67764
24.30274 3.0231
23.93427 3.42099
23.51483 3.86891
23.46688 4.00461
23.7011 3.87003
24.35093 3.37362
24.75357 3.002
24.61884 3.15191
24.93517 2.99977
25.68832 2.56428
23.7919 4.54388
24.8005 3.59113
25.46308 3.0294
23.88433 4.63172
25.07099 3.46986
24.48432 4.13017
26.04167 2.6559
25.29215 3.42623
25.24796 3.48925
24.1176 4.71881
25.81758 3.025
24.16464 4.7465
26.38688 2.55806
26.47777 2.49105
25.11229 3.92861
24.0239 5.07239
25.90981 3.22407
24.6637 4.57765
24.2104 5.06416
24.97985 4.4693
25.37734 4.07693
26.12921 3.44732
25.998 3.68647
24.70836 5.02119
25.60078 4.14007
26.60635 3.27787
25.55471 4.44525
26.56288 3.45345
25.02536 5.00191
25.41822 4.70198
25.51004 4.78256
27.7256 2.73994
27.02249 3.65158
26.21773 4.51356
27.1508 3.6466
27.52041 3.41047
27.39836 3.61647
26.81539 4.47415
26.26015 5.0698
28.12937 3.23261
27.68802 3.88123
27.06582 4.60295
28.05075 3.76664
27.47978 4.46909
27.36052 4.6427
25.15728 6.88579
27.64797 4.48092
28.89081 3.36457
24.84594 7.43284
26.43485 5.89476
26.85785 5.49851
28.29087 4.09901
25.86308 6.63795
28.96616 3.65981
28.64998 4.03771
29.08635 3.63046
27.31837 5.43698
27.76728 5.05421
26.72918 6.10717
29.62949 3.26842
26.17617 6.75998
25.203 7.75462
28.16931 4.79527
28.37248 4.69724
28.53228 4.55563
26.98342 6.20531
26.34591 7.10843
29.70646 3.76023
28.2092 5.40691
28.73049 4.94572
28.24968 5.45008
28.92784 4.90903
26.7746 7.13106
28.45393 5.47143
25.73178 8.2847
29.47466 4.62951
29.59236 4.63954
28.69088 5.56131
29.27934 5.03376
30.1267 4.24301
29.78393 4.61943
25.64575 8.91589
27.10784 7.60847
28.61006 6.11208
30.08731 4.67367
31.94246 2.94816
29.82339 5.12889
29.24261 5.71482
32.16175 2.89345
29.12604 5.94932
28.49387 6.61856
30.31879 4.80842
26.89906 8.2541
28.41414 6.76175
30.39095 4.8035
30.8479 4.37538
23.65732 11.60749
29.36048 5.91473
27.43755 7.91641
30.80965 4.70095
30.35485 5.20014
29.20329 6.39808
29.43512 6.21212
31.47468 4.21054
28.57092 7.15297
30.43002 5.32771
31.26033 4.51408
30.04974 5.78881
26.5198 9.32711
30.01351 5.83559
31.10636 4.7987
32.37445 3.63453
30.24362 5.8045
28.80927 7.26085
28.00939 8.18335
32.51967 3.6767
31.06633 5.58575
30.16648 6.72424
31.33271 5.67724
33.57187 3.44755
33.05263 4.09221
32.41019 4.87252
26.68689 10.88657
33.71292 3.87728
27.23484 10.38287
31.90535 5.91946
32.9141 4.95155
34.18809 3.67786
31.68802 6.18734
29.16541 8.76419
34.55812 3.4895
32.94791 5.23495
32.12585 6.41644
32.44615 6.1136
33.46307 5.1786
31.72259 6.96007
29.00658 9.68472
33.60769 5.10095
33.21864 5.52846
33.678 5.21074
29.89798 9.23967
34.90212 4.37892
32.70291 6.60618
33.5347 5.79178
32.88034 6.4505
27.60633 11.79551
31.61751 7.83709
30.69806 8.7662
27.88911 11.67042
32.55578 7.10647
34.15617 5.53377
30.65961 9.13847
29.51343 10.31675
26.64812 13.19845
35.43552 4.46132
31.65239 8.61985
33.85229 6.48971
33.01805 7.39612
35.50315 5.20245
31.44085 9.27713
33.78164 6.96934
35.73478 5.07221
28.85016 12.05736
35.272 5.77323
33.08477 7.98386
36.67496 4.40725
31.75916 9.46752
37.38661 3.93499
35.1698 6.21356
33.28994 8.1448
35.10328 6.37826
34.38856 7.10124
34.69936 6.88871
33.74818 7.90105
30.77313 10.89017
36.60995 5.08613
34.45428 7.25155
36.54797 5.33467
32.66542 9.25481
36.35143 5.62516
27.84583 14.14914
36.77706 5.23558
35.03629 6.97758
35.76746 6.28706
36.58015 5.47614
33.88815 8.19574
33.98725 8.11412
32.30578 9.88096
34.02121 8.18101
36.19364 6.02548
34.734 7.50609
33.95467 8.30597
33.92085 8.35483
37.29273 5.03352
37.7031 4.665
32.0176 10.36863
37.76909 4.63186
36.94031 5.48322
35.80044 6.6439
35.53728 7.04536
38.37628 4.39641
37.64381 5.14111
38.21236 4.70236
34.59188 8.36982
31.2989 11.77458
32.81077 10.30759
34.76882 8.35675
38.79814 4.41791
35.23809 7.98351
34.66288 8.70997
33.64371 9.78028
39.53649 4.13083
32.77425 10.95466
36.48267 7.25687
38.04303 5.72453
36.41485 7.51989
34.86721 9.07832
36.44913 7.50762
31.40416 12.59294
38.28024 5.84371
36.00086 8.20485
37.51834 6.79736
38.24745 6.08122
40.28992 4.08437
38.49363 5.96306
37.13135 7.50225
27.97039 16.81783
40.22883 4.69864
39.20277 5.75283
40.19765 4.93191
39.86318 5.32057
41.37076 3.89203
40.97865 4.28918
38.61726 6.89569
40.71092 4.83888
39.23479 6.36372
35.60505 10.05791
40.53162 5.48733
35.40367 10.74615
39.44793 6.75815
40.01736 6.38009
39.6293 6.92462
37.91784 8.73324
35.90125 10.8729
35.20415 11.57914
40.43945 6.50127
39.32313 7.61981
33.42656 13.57423
36.32097 10.74535
41.5427 5.57437
40.82888 6.34775
42.00624 5.23962
26.94132 20.37426
37.55317 9.83151
38.55668 8.86039
36.8785 10.57632
35.57114 11.96467
39.95665 7.598
39.56744 8.11428
33.32365 14.41541
40.34927 7.45945
40.91908 6.94913
40.73794 7.18194
40.38067 7.58874
39.41649 8.58573
40.80056 7.25656
41.10006 6.98432
41.89142 6.20319
43.06242 5.06621
44.00567 4.40549
40.94996 7.75641
42.43529 6.29332
36.13437 12.61069
40.04787 8.79758
41.51263 7.33301
34.83587 14.06087
39.77666 9.19236
43.09234 6.00999
43.81622 5.3176
41.06966 8.14003
38.92314 10.37035
41.71574 7.67974
43.92431 5.56345
41.45559 8.23203
43.39929 6.52226
44.61117 5.33387
44.91797 5.05834
37.03355 12.97346
38.95247 11.11312
42.26545 7.81462
40.50073 9.6505
41.12935 9.06749
43.45843 6.81413
39.98592 10.39626
43.25715 7.14756
40.07885 10.54468
39.07987 11.56325
41.60371 9.06541
43.87203 6.84364
28.33157 22.41252
38.70573 12.07295
43.03725 7.81168
45.08766 5.76617
45.76236 5.12522
41.97682 8.93021
38.98474 12.00788
39.29373 11.70636
42.09366 8.97718
27.27768 23.8446
41.21747 10.11721
44.69363 6.86237
42.92518 8.85661
44.94487 6.92871
44.03445 7.90643
37.2571 14.74689
45.54645 6.69389
37.6731 14.6119
31.97943 20.34303
41.42689 11.02035
46.52423 5.95632
47.35638 5.21723
47.29988 5.44324
47.21595 5.63173
39.01824 13.90977
39.80731 13.33177
46.33109 6.92958
46.97989 6.44494
39.59786 13.84951
47.48929 6.20059
40.59197 13.32625
46.62854 7.29284
44.19836 9.74021
38.52451 15.43173
46.46954 7.54028
42.5209 11.55553
47.7776 6.3769
44.28116 9.99278
41.74557 12.55688
29.74542 24.58613
44.25314 10.12277
44.4444 9.96344
47.85665 6.5623
41.15666 13.27028
45.68559 8.76135
44.80348 9.71104
45.81544 8.7101
46.95266 7.83514
43.84417 11.02872
42.4636 12.4339
43.28206 11.6275
37.45318 17.50821
39.71589 15.34835
27.56415 27.77471
44.5828 10.78833
43.70514 11.6976
48.63532 6.9783
48.01298 7.62883
49.29936 6.4281
43.73257 12.03862
42.12295 13.7612
47.43646 8.44845
49.78427 6.24209
41.8075 14.24693
49.57372 6.54849
41.5749 14.58857
42.21182 14.04683
33.35795 23.01442
46.27559 10.17663
42.89638 13.57036
46.49752 10.01075
50.92596 5.68331
46.17111 10.46143
45.87013 10.79752
46.22506 10.50892
48.94088 7.83508
47.38396 9.42909
46.03197 10.8888
51.68285 5.32827
47.62 9.44801
49.52492 7.59785
38.10995 19.03512
47.93487 9.23363
45.43949 12.0681
48.31603 9.26664
48.58099 9.17845
47.24257 10.65093
42.37901 15.52616
49.81117 8.18865
49.62316 8.41875
47.11305 11.02273
47.54278 10.6385
47.08944 11.14663
38.17845 20.06504
48.91491 9.37006
49.09099 9.21079
29.9761 28.43682
52.23665 6.20436
49.64887 8.80319
48.44705 10.0944
41.34102 17.21912
50.48938 8.11265
49.06537 9.5588
41.18624 17.85045
51.08822 7.96053
42.24018 16.87413
53.38998 5.73821
48.86283 10.39516
54.09973 5.21257
53.18107 6.42346
51.42426 8.19445
49.21941 10.48339
46.57491 13.17504
48.37083 11.54803
51.9918 8.13253
53.31955 6.83468
52.08821 8.25253
54.07672 6.32151
51.51409 8.91179
45.63118 14.83648
48.96541 11.57498
50.38828 10.19262
50.6401 9.99973
51.18374 9.46658
48.28923 12.43598
53.67892 7.12699
52.47355 8.34744
50.11232 10.70983
50.08603 10.79745
45.84265 15.06886
55.00376 5.95411
43.23121 17.86427
49.42263 11.75304
55.08741 6.19662
51.5596 9.87179
47.831 14.21698
50.23742 11.95342
55.75662 6.50197
51.38118 10.94189
50.74435 11.84779
50.66889 11.96776
46.73444 15.92317
48.60757 14.14583
56.11619 6.72685
54.37618 8.57474
46.84212 16.13855
54.05151 8.97909
55.9331 7.15209
56.34428 6.82908
51.80848 11.38642
52.44854 10.75327
56.02616 7.24577
54.61399 8.70946
45.65953 17.72847
43.53879 19.92678
54.66416 8.81379
56.51539 7.00012
51.30874 12.26991
56.91675 6.70117
47.75075 15.87317
36.29193 27.34734
54.33165 9.36055
56.68922 7.08033
47.98718 15.80389
56.82373 6.97884
55.06734 8.77287
55.36859 8.5189
42.03576 21.85887
48.23823 15.66714
53.20328 10.74321
41.77531 22.22698
51.40293 12.60373
48.47392 15.57613
46.6811 17.42861
55.66308 8.56793
51.83092 12.47148
57.13865 7.1992
56.93912 7.40369
55.04717 9.46886
49.96055 14.60039
51.63433 12.95544
51.87574 12.77784
52.16436 12.53167
57.29961 7.41019
52.30474 12.50551
54.21519 10.69308
60.00027 5.07896
57.56915 7.60584
54.7549 10.48317